796 · 515555555515155

G. I. L. 0111.
111. 1293 137 71151185 22314. 265. 405 ·

1297 10911181591. 1289 · 1041. 734
1298 · 120 1292 2551.
1306 366. 74611. 1293 218
1431 242 1299 427 ff.
1433 360 Δ. 1300 183 ff
1438·-1454 395 ff. 1460 502
1486 315 2145 4
1494 294 Ι. 1111. n. 7 182
1499 294 ’166 110
1503 494 11. 524 ff. 230 152
1505 50911. 5301. 5451. 432 249
1537 507 1. 518 179
1541 521 ff. 553 f. 1137 17 11.
1558 686 ff. 1984 32411.
5155. XXXI 00. 343 2559 110
(11151151437 248 4322 37211.
1415 151 4545, 45 355
11* 151 7000 143, 151
111, 1 n. 551 155. 155 155* 115

1771 315 3515515111 epigr. 1 p. 1911.
v,1n. 151 145 f. n. 5 554
1490 241 0 558
3794 360 Α. 9 555 f.
4111 141 111 517 ff. 5551.
55* 141, 151 29 555

390* , 151 4647. 70. 79.

7,1 115545 3132 04107111 51315511.
7115. 55 1551. 111 555
151 y 10 151513511155111115115

154 454 ff. 511 ff. 1ιῖ 157 5551.
515 55 751 405 Α.

331 8111, 131, 155 Α, 15551. ant. 11511155 (35155155)
116 p. 136 (Claudiustafol) 75311.

351 519, 53311, 55111Ι 1515111111, 5151551551155, 155
11115, 8511115155 551 ff,

474 131 Monum. Galen. (Guidobaldi)

475 231 111‚2 5201. 5321.
1134 151 340 Orelli-Henzen n. 101 500 ff.

1281 88. 166. 231 569 371 A.

1284 225 A. - 579 · 374 Λ.
1285 223 1. 205 2485 1071.

1286 225 Α. 4384 10
1287 213 11. 4404 110 1.

 

